name: core
channels:
  - conda-forge
  - defaults
dependencies:
  - astroid=2.15.6=py39hcbf5309_0
  - black=23.7.0=py39hcbf5309_1
  - blas=1.0=mkl
  - bottleneck=1.3.5=py39h080aedc_0
  - ca-certificates=2023.08.22=haa95532_0
  - caf.toolkit=0.1.3=pyhd8ed1ab_0
  - click=8.0.4=py39haa95532_0
  - colorama=0.4.6=py39haa95532_0
  - coverage=7.2.2=py39h2bbff1b_0
  - dill=0.3.7=py39haa95532_0
  - exceptiongroup=1.0.4=py39haa95532_0
  - execnet=1.9.0=pyhd3eb1b0_0
  - filelock=3.9.0=py39haa95532_0
  - icc_rt=2022.1.0=h6049295_2
  - importlib-metadata=6.0.0=py39haa95532_0
  - iniconfig=1.1.1=pyhd3eb1b0_0
  - intel-openmp=2023.1.0=h59b6b97_46319
  - isort=5.9.3=pyhd3eb1b0_0
  - lazy-object-proxy=1.6.0=py39h2bbff1b_0
  - llvmlite=0.40.0=py39hf2fb9eb_0
  - mccabe=0.7.0=pyhd3eb1b0_0
  - mkl=2023.1.0=h6b88ed4_46357
  - mkl-service=2.4.0=py39h2bbff1b_1
  - mkl_fft=1.3.6=py39hf11a4ad_1
  - mkl_random=1.2.2=py39hf11a4ad_1
  - mypy=1.5.1=py39ha55989b_0
  - mypy_extensions=1.0.0=pyha770c72_0
  - numba=0.57.1=py39h4ed8f06_0
  - numexpr=2.8.4=py39h7b80656_1
  - numpy=1.24.3=py39h79a8e48_1
  - numpy-base=1.24.3=py39h8a87ada_1
  - openssl=3.0.10=h2bbff1b_2
  - packaging=23.1=py39haa95532_0
  - pandas=1.5.3=py39hf11a4ad_0
  - pathspec=0.10.3=py39haa95532_0
  - pip=23.2.1=py39haa95532_0
  - platformdirs=3.10.0=py39haa95532_0
  - pluggy=1.0.0=py39haa95532_1
  - psutil=5.9.0=py39h2bbff1b_0
  - py=1.11.0=pyhd3eb1b0_0
  - pydantic=1.10.8=py39h2bbff1b_0
  - pydocstyle=6.3.0=pyhd8ed1ab_0
  - pylint=2.17.5=pyhd8ed1ab_0
  - pytest=7.4.2=pyhd8ed1ab_0
  - pytest-cov=4.1.0=pyhd8ed1ab_0
  - pytest-xdist=3.3.1=pyhd8ed1ab_0
  - python=3.10
  - python-dateutil=2.8.2=pyhd3eb1b0_0
  - python_abi=3.9=2_cp39
  - pytz=2022.7=py39haa95532_0
  - ruamel.yaml=0.17.21=py39h2bbff1b_0
  - ruamel.yaml.clib=0.2.7=py39ha55989b_1
  - scipy=1.11.1=py39h309d312_0
  - setuptools=68.0.0=py39haa95532_0
  - six=1.16.0=pyhd3eb1b0_1
  - snowballstemmer=2.2.0=pyhd3eb1b0_0
  - sparse=0.14.0=pyhd8ed1ab_0
  - sqlite=3.41.2=h2bbff1b_0
  - strictyaml=1.6.2=pyhd8ed1ab_0
  - tbb=2021.8.0=h59b6b97_0
  - toml=0.10.2=pyhd3eb1b0_0
  - tomli=2.0.1=py39haa95532_0
  - tomlkit=0.11.1=py39haa95532_0
  - tox=3.27.1=pyhd8ed1ab_0
  - tqdm=4.65.0=py39hd4e2768_0
  - typing-extensions=4.7.1=py39haa95532_0
  - typing_extensions=4.7.1=py39haa95532_0
  - tzdata=2023c=h04d1e81_0
  - ucrt=10.0.20348.0=haa95532_0
  - vc=14.2=h21ff451_1
  - vc14_runtime=14.36.32532=hfdfe4a8_17
  - versioningit=2.2.0=pyhd8ed1ab_1
  - virtualenv=16.7.5=py_0
  - vs2015_runtime=14.36.32532=h05e6639_17
  - wheel=0.38.4=py39haa95532_0
  - wrapt=1.14.1=py39h2bbff1b_0
  - zipp=3.11.0=py39haa95532_0
  - zlib=1.2.13=h8cc25b3_0
prefix: C:\Users\Predator\anaconda3\envs\core
